182 263
421 166
341 834
634 521
41 406
641 272
164 294
888 403
22 770
799 841
224 223
726 38
340 747
770 618
427 693
374 24
508 816
178 411
596 716
571 869
13 191
634 861
300 211
21 984
61 151
133 271
210 270
680 591
132 707
596 241
41 573
65 918
23 729
716 867
850 178
407 112
275 154
491 941
612 37
961 66
653 526
122 8
422 11
953 115
205 381
754 575
285 18
978 35
6 116
510 748
28 128
122 777
321 447
997 967
75 171
327 9
358 573
683 116
796 962
291 69
682 634
933 512
131 386
591 147
424 611
949 213
970 695
758 670
493 503
947 339
229 646
468 180
178 153
216 690
143 262
662 203
20 150
943 459
27 268
790 647
413 583
322 827
187 85
589 84
577 503
72 994
690 941
98 352
771 162
671 12
907 295
314 544
187 28
840 800
253 885
304 76
559 90
75 506
451 858
244 117
